state={
	id=10869
	name="STATE_10869"
	provinces={
		20332 20289 20218 20232 20235 20236 20237 20243 20244 20245 20246 20247 20248 20249 20250 20251 20252 20253 20254 20255 20256 20257 20258 20259 20260 20261 20262 20263 20264 20265 20267 20268 20269 20270 20272 20273 20291 20292 20293 20294 20295 20296 20297 20298 20299 20301 20302 20303 20304 20307 20308 20309 20310 20311 20313 20316 20317 20319 20320 20322 20323 20325 20326 20327 20328 20329 20330 20331 20333 20334 20335 20336 20337 20339 20340 20342 20343 20345 20346 20347 20348 20349 20350 20351 20354 20355 20356 20357 20358 20361 20362 20363 20364 20365 20366 20368 20369 20370 20371 20372 20374 20375 20376 20378 20379 20380 20381 20382 20384 20385 20386 20388 20389 20390 20391 20392 20393 20394 20395 20396 20397 20400 20401 20402 20403 20404 20406 20408 20410 20411 20412 20414 20415 20416 20417 20418 20419 20420 20422 20424 20425 20426 20428 20430 20431 20432 20433 20434 20436 20437 20438 20439 20440 20443 20445 20447 20448 20449 20452 20453 20454 20456 20457 20458 20459 20460 20461 20462 20463 20466 20468 20469 20470 20471 20474 20475 20476 20477 20478 20479 20480 20482 20484 20485 20486 20487 20488 20489 20490 20492 20493 20494 20495 20496 20498 20499 20500 20501 20502 20503 20505 20506 20507 20508 20510 20511 20512 20513 20514 
	}
	history={
		owner = WTR
		add_core_of = WTR

	}
	manpower = 1
	state_category = wasteland
	buildings_max_level_factor=1.000
}
